[(1023,1023),(1023,1023),(528,436),(343,396)]
[(1023,1023),(1023,1023),(521,470),(336,430)]
[(1023,1023),(1023,1023),(513,518),(326,479)]
[(1023,1023),(1023,1023),(496,554),(310,511)]
[(1023,1023),(1023,1023),(488,579),(298,536)]
[(1023,1023),(1023,1023),(488,544),(302,504)]
[(1023,1023),(1023,1023),(498,483),(311,446)]
[(271,731),(1023,1023),(518,392),(332,359)]
[(314,600),(505,635),(550,266),(363,238)]
[(339,510),(527,541),(568,177),(383,150)]
[(370,430),(558,463),(603,98),(414,70)]
[(404,321),(593,354),(640,0),(1023,1023)]
[(427,233),(615,269),(1023,1023),(1023,1023)]
[(443,169),(631,206),(1023,1023),(1023,1023)]
[(452,109),(640,144),(1023,1023),(1023,1023)]
[(459,55),(648,89),(1023,1023),(1023,1023)]
[(456,39),(644,74),(1023,1023),(1023,1023)]
[(448,79),(635,115),(1023,1023),(1023,1023)]
[(430,162),(616,201),(1023,1023),(1023,1023)]
[(418,294),(602,338),(1023,1023),(1023,1023)]
[(403,363),(588,408),(659,39),(1023,1023)]
[(379,457),(564,503),(631,136),(447,96)]
[(355,551),(541,597),(608,231),(425,191)]
[(330,603),(519,650),(584,279),(400,239)]
[(318,630),(506,672),(568,302),(382,264)]
[(315,588),(504,627),(559,260),(374,225)]
[(305,531),(493,568),(547,204),(360,168)]
[(256,463),(444,497),(496,135),(307,101)]
[(181,418),(371,451),(424,87),(232,49)]
[(25,360),(222,390),(268,17),(1023,1023)]
[(1023,1023),(112,369),(144,0),(1023,1023)]
[(1023,1023),(28,367),(1023,1023),(1023,1023)]
[(1023,1023),(1023,1023),(1023,1023),(1023,1023)]
[(1023,1023),(1023,1023),(1023,1023),(1023,1023)]
[(1023,1023),(1023,1023),(1023,1023),(1023,1023)]
[(1023,1023),(1023,1023),(1023,1023),(1023,1023)]
[(87,381),(1023,1023),(1023,1023),(1023,1023)]
[(181,390),(1023,1023),(1023,1023),(1023,1023)]
[(285,406),(89,386),(302,37),(1023,1023)]
[(440,444),(251,421),(465,79),(273,54)]
[(547,461),(359,437),(570,94),(382,72)]
[(664,491),(473,465),(688,120),(497,103)]
[(730,507),(543,485),(758,135),(566,120)]
[(798,531),(599,505),(816,152),(622,141)]
[(856,547),(653,520),(870,164),(673,152)]
[(912,561),(704,533),(925,172),(723,164)]
[(975,559),(761,529),(985,166),(781,159)]
[(989,512),(784,483),(1003,125),(816,111)]
[(976,519),(767,479),(1002,127),(816,107)]
[(896,547),(694,496),(966,162),(764,129)]
[(812,561),(617,507),(890,182),(695,145)]
[(674,570),(488,512),(763,204),(577,159)]
[(519,564),(338,506),(616,207),(434,152)]
[(418,549),(238,493),(514,193),(333,139)]
[(344,505),(160,449),(443,151),(260,93)]
[(267,451),(80,393),(366,93),(178,30)]
[(191,361),(9,305),(290,7),(1023,1023)]
[(164,320),(1023,1023),(1023,1023),(1023,1023)]
[(159,278),(1023,1023),(1023,1023),(1023,1023)]
[(156,230),(1023,1023),(1023,1023),(1023,1023)]
[(170,192),(1023,1023),(1023,1023),(1023,1023)]
[(205,138),(1023,1023),(1023,1023),(1023,1023)]
[(257,123),(62,84),(1023,1023),(1023,1023)]
[(305,142),(108,107),(1023,1023),(1023,1023)]
[(348,186),(152,155),(1023,1023),(1023,1023)]
[(393,248),(201,219),(1023,1023),(1023,1023)]
[(466,370),(278,347),(1023,1023),(1023,1023)]
[(491,411),(301,391),(511,40),(319,22)]
[(569,523),(379,505),(582,152),(394,141)]
[(614,588),(421,572),(622,216),(433,207)]
[(669,643),(474,624),(672,268),(489,259)]
[(737,676),(544,656),(744,296),(552,287)]
[(812,692),(614,664),(819,304),(624,295)]
[(889,678),(681,650),(891,289),(692,279)]
[(953,640),(740,611),(959,247),(755,239)]
[(995,602),(794,576),(1003,206),(817,197)]
[(1023,1023),(833,517),(1023,1023),(853,142)]
[(1023,1023),(886,436),(1023,1023),(912,56)]
[(1023,1023),(883,337),(1023,1023),(1023,1023)]
[(1023,1023),(863,223),(1023,1023),(1023,1023)]
[(1023,1023),(834,169),(1023,1023),(1023,1023)]
[(1023,1023),(777,137),(1023,1023),(1023,1023)]
[(884,212),(691,159),(1023,1023),(1023,1023)]
[(804,255),(617,199),(1023,1023),(1023,1023)]
[(679,342),(499,281),(1023,1023),(1023,1023)]
[(572,426),(394,360),(684,67),(1023,1023)]
[(527,471),(350,406),(638,114),(459,52)]
[(479,516),(302,450),(590,161),(412,98)]
[(417,570),(239,506),(528,213),(349,151)]
[(325,621),(140,561),(434,262),(254,200)]
[(256,655),(64,602),(355,286),(168,229)]
[(169,698),(1023,1023),(251,318),(53,270)]
[(122,715),(1023,1023),(193,327),(9,288)]
[(55,728),(1023,1023),(107,333),(1023,1023)]
[(9,708),(1023,1023),(30,310),(1023,1023)]
[(1023,1023),(1023,1023),(1023,1023),(1023,1023)]
[(1023,1023),(1023,1023),(1023,1023),(1023,1023)]
[(1023,1023),(1023,1023),(1023,1023),(1023,1023)]
[(1023,1023),(1023,1023),(1023,1023),(1023,1023)]
[(1023,1023),(1023,1023),(1023,1023),(1023,1023)]
[(1023,1023),(1023,1023),(1023,1023),(1023,1023)]
[(1023,1023),(1023,1023),(1023,1023),(1023,1023)]
[(1023,1023),(1023,1023),(1023,1023),(1023,1023)]
[(50,328),(1023,1023),(1023,1023),(1023,1023)]
[(117,346),(1023,1023),(1023,1023),(1023,1023)]
[(162,368),(1023,1023),(1023,1023),(1023,1023)]
[(222,400),(199,23),(1023,1023),(1023,1023)]
[(282,431),(254,56),(83,436),(52,53)]
[(374,464),(352,94),(187,469),(162,96)]
[(424,507),(402,136),(233,509),(208,138)]
[(473,556),(454,186),(283,558),(264,189)]
[(544,629),(521,255),(352,631),(335,258)]
[(632,711),(606,329),(434,709),(417,334)]
[(686,749),(663,368),(488,747),(472,368)]
[(1023,1023),(705,393),(532,760),(516,396)]
[(1023,1023),(756,415),(1023,1023),(563,416)]
[(1023,1023),(818,431),(1023,1023),(622,430)]
[(1023,1023),(865,443),(1023,1023),(663,439)]
[(1023,1023),(912,451),(1023,1023),(709,447)]
[(1023,1023),(970,456),(1023,1023),(768,449)]
[(1023,1023),(994,443),(1023,1023),(798,439)]
[(1023,1023),(1023,1023),(1023,1023),(856,401)]
[(1023,1023),(1023,1023),(1023,1023),(910,368)]
[(998,666),(1023,1023),(1023,1023),(1004,276)]
[(1013,616),(1023,1023),(1023,1023),(1023,1023)]
[(1023,1023),(1023,1023),(1023,1023),(1023,1023)]
[(1023,1023),(1023,1023),(1023,1023),(1023,1023)]
[(954,372),(1023,1023),(1023,1023),(1023,1023)]
[(893,303),(1023,1023),(1023,1023),(1023,1023)]
[(838,242),(1023,1023),(1023,1023),(1023,1023)]
[(779,207),(1023,1023),(1023,1023),(1023,1023)]
[(706,197),(905,230),(1023,1023),(1023,1023)]
[(634,210),(828,247),(1023,1023),(1023,1023)]
[(551,224),(740,268),(1023,1023),(1023,1023)]
[(459,265),(643,311),(1023,1023),(1023,1023)]
[(348,323),(529,372),(1023,1023),(1023,1023)]
[(275,371),(455,421),(539,58),(1023,1023)]
[(219,411),(400,465),(490,104),(306,49)]
[(153,440),(337,492),(429,132),(244,77)]
[(65,471),(253,523),(349,160),(159,103)]
[(4,495),(183,549),(272,184),(80,125)]
[(1023,1023),(44,584),(134,206),(1023,1023)]
[(1023,1023),(5,590),(71,208),(1023,1023)]
[(1023,1023),(1023,1023),(20,204),(1023,1023)]
[(1023,1023),(1023,1023),(1023,1023),(1023,1023)]
[(1023,1023),(1023,1023),(1023,1023),(1023,1023)]
[(1023,1023),(1023,1023),(1023,1023),(1023,1023)]
[(1023,1023),(1023,1023),(1023,1023),(1023,1023)]
[(1023,1023),(1023,1023),(1023,1023),(1023,1023)]
[(1023,1023),(1023,1023),(1023,1023),(1023,1023)]
[(1023,1023),(1023,1023),(1023,1023),(1023,1023)]
[(126,368),(1023,1023),(1023,1023),(1023,1023)]
[(252,378),(55,359),(1023,1023),(1023,1023)]
[(379,418),(189,399),(394,47),(200,23)]
[(475,426),(287,407),(490,56),(300,39)]
[(562,433),(373,412),(590,64),(399,48)]
[(648,445),(459,425),(667,73),(476,61)]
[(707,452),(514,433),(730,79),(537,68)]
[(809,489),(610,464),(825,107),(630,97)]
[(865,500),(662,475),(885,116),(685,110)]
[(910,520),(704,495),(922,131),(720,125)]
[(969,539),(758,514),(977,146),(771,141)]
[(999,544),(803,522),(1004,151),(819,144)]
[(1023,1023),(842,523),(1023,1023),(854,143)]
[(1023,1023),(859,501),(1023,1023),(874,121)]
[(1023,1023),(865,452),(1023,1023),(884,72)]
[(1023,1023),(842,393),(1023,1023),(862,15)]
[(1023,1023),(830,344),(1023,1023),(1023,1023)]
[(1023,1023),(827,307),(1023,1023),(1023,1023)]
[(1023,1023),(807,271),(1023,1023),(1023,1023)]
[(965,231),(759,205),(1023,1023),(1023,1023)]
[(913,163),(712,134),(1023,1023),(1023,1023)]
[(856,106),(657,73),(1023,1023),(1023,1023)]
[(790,104),(597,65),(1023,1023),(1023,1023)]
[(720,152),(531,111),(1023,1023),(1023,1023)]
[(672,193),(480,148),(1023,1023),(1023,1023)]
[(621,505),(433,207),(1023,1023),(1023,1023)]
[(581,332),(397,283),(1023,1023),(1023,1023)]
[(528,417),(347,363),(619,51),(1023,1023)]
[(494,488),(313,430),(588,127),(405,71)]
[(458,546),(279,490),(554,184),(372,130)]
[(427,617),(246,555),(528,255),(347,198)]
[(417,660),(235,599),(519,295),(338,238)]
[(399,709),(215,645),(506,341),(327,280)]
[(360,744),(174,686),(465,376),(284,317)]
[(326,741),(137,687),(423,369),(233,313)]
[(314,712),(122,666),(395,337),(207,291)]
[(423,584),(232,551),(468,215),(279,183)]
[(521,547),(333,518),(553,177),(365,152)]
[(630,534),(440,503),(665,162),(483,137)]
[(694,539),(501,503),(734,163),(543,138)]
[(731,544),(539,504),(782,166),(589,138)]
[(664,527),(467,488),(705,152),(516,126)]
[(576,499),(388,467),(623,128),(433,103)]
[(445,453),(259,421),(493,85),(303,54)]
[(307,403),(114,375),(352,31),(151,3)]
[(185,367),(1023,1023),(228,0),(1023,1023)]
[(91,328),(1023,1023),(1023,1023),(1023,1023)]
[(22,324),(1023,1023),(1023,1023),(1023,1023)]
[(1023,1023),(1023,1023),(1023,1023),(1023,1023)]
[(1023,1023),(1023,1023),(1023,1023),(1023,1023)]
[(1023,1023),(1023,1023),(1023,1023),(1023,1023)]
[(90,380),(1023,1023),(1023,1023),(1023,1023)]
[(207,407),(231,24),(1023,1023),(1023,1023)]
[(279,433),(302,56),(82,413),(101,29)]
[(345,473),(365,97),(151,454),(168,75)]
[(409,473),(429,103),(220,452),(234,80)]
[(483,443),(509,72),(295,418),(317,46)]
[(573,398),(608,28),(386,371),(418,9)]
[(636,342),(1023,1023),(447,313),(1023,1023)]
[(698,313),(1023,1023),(509,283),(1023,1023)]
[(749,273),(1023,1023),(556,247),(1023,1023)]
[(830,217),(1023,1023),(632,192),(1023,1023)]
[(918,170),(1023,1023),(713,149),(1023,1023)]
[(978,151),(1023,1023),(771,128),(1023,1023)]
[(993,150),(1023,1023),(795,127),(1023,1023)]
[(990,168),(1023,1023),(792,143),(1023,1023)]
[(954,196),(1023,1023),(749,174),(1023,1023)]
[(823,261),(1023,1023),(625,234),(1023,1023)]
[(649,337),(1023,1023),(461,306),(1023,1023)]
[(571,370),(1023,1023),(376,339),(1023,1023)]
[(479,397),(532,25),(293,363),(1023,1023)]
[(416,417),(472,46),(229,380),(1023,1023)]
[(356,431),(419,62),(166,392),(1023,1023)]
[(303,448),(368,77),(112,408),(174,32)]
[(220,474),(298,104),(26,430),(101,50)]
[(144,502),(227,127),(1023,1023),(27,71)]
[(95,520),(180,144),(1023,1023),(1023,1023)]
[(30,536),(122,154),(1023,1023),(1023,1023)]
[(3,565),(77,182),(1023,1023),(1023,1023)]
[(1023,1023),(74,185),(1023,1023),(1023,1023)]
[(40,497),(128,120),(1023,1023),(1023,1023)]
[(95,384),(179,13),(1023,1023),(1023,1023)]
[(122,308),(1023,1023),(1023,1023),(1023,1023)]
[(144,241),(1023,1023),(1023,1023),(1023,1023)]
[(176,181),(1023,1023),(1023,1023),(1023,1023)]
[(189,143),(1023,1023),(1023,1023),(1023,1023)]
[(202,83),(1023,1023),(1023,1023),(1023,1023)]
[(224,43),(1023,1023),(1023,1023),(1023,1023)]
[(232,17),(1023,1023),(1023,1023),(1023,1023)]
[(235,14),(1023,1023),(1023,1023),(1023,1023)]
[(246,31),(1023,1023),(1023,1023),(1023,1023)]
[(257,79),(62,25),(1023,1023),(1023,1023)]
[(313,199),(125,147),(1023,1023),(1023,1023)]
[(360,267),(176,213),(1023,1023),(1023,1023)]
[(432,355),(249,305),(1023,1023),(1023,1023)]
[(536,451),(356,400),(617,83),(429,35)]
[(600,501),(416,451),(679,137),(497,93)]
[(685,584),(498,527),(766,210),(577,167)]
[(728,628),(536,570),(805,250),(614,207)]
[(759,684),(566,627),(840,304),(647,259)]
[(780,726),(584,662),(858,337),(664,296)]
[(783,756),(593,704),(874,382),(678,334)]
[(1023,1023),(606,745),(884,418),(686,369)]
[(1023,1023),(614,756),(900,441),(702,390)]
[(1023,1023),(1023,1023),(914,458),(714,407)]
[(1023,1023),(1023,1023),(926,443),(723,395)]
[(649,718),(1023,1023),(926,389),(723,344)]
[(691,661),(897,723),(967,332),(763,289)]
[(718,619),(925,677),(986,284),(786,247)]
[(781,527),(987,580),(1023,1023),(844,155)]
[(817,451),(1006,496),(1023,1023),(883,73)]
[(834,387),(1014,424),(1023,1023),(893,6)]
[(853,326),(1023,1023),(1023,1023),(1023,1023)]
[(873,264),(1023,1023),(1023,1023),(1023,1023)]
[(884,197),(1023,1023),(1023,1023),(1023,1023)]
[(908,164),(1023,1023),(1023,1023),(1023,1023)]
[(906,146),(1023,1023),(1023,1023),(1023,1023)]
[(870,204),(1023,1023),(1023,1023),(1023,1023)]
[(783,247),(1023,1023),(1023,1023),(1023,1023)]
[(725,286),(929,312),(1023,1023),(1023,1023)]
[(628,327),(825,358),(1023,1023),(1023,1023)]
[(485,372),(675,403),(721,24),(1023,1023)]
[(370,403),(554,436),(605,64),(413,34)]
[(303,416),(488,448),(537,78),(347,46)]
[(214,440),(402,474),(456,104),(264,69)]
[(116,459),(308,492),(365,120),(168,81)]
[(30,478),(227,514),(289,140),(92,95)]
[(1023,1023),(170,528),(237,152),(36,107)]
[(1023,1023),(107,544),(180,165),(1023,1023)]
[(1023,1023),(33,558),(108,174),(1023,1023)]
[(1023,1023),(64,526),(124,144),(1023,1023)]
[(1023,1023),(131,450),(173,72),(1023,1023)]
[(1023,1023),(198,366),(231,0),(1023,1023)]
[(68,279),(265,299),(1023,1023),(1023,1023)]
[(190,244),(382,263),(1023,1023),(1023,1023)]
[(260,276),(449,298),(1023,1023),(1023,1023)]
[(347,378),(535,397),(1023,1023),(1023,1023)]
[(411,465),(601,490),(623,112),(433,95)]
[(499,559),(693,586),(711,205),(520,190)]
[(599,638),(801,670),(817,281),(622,264)]
[(668,656),(876,692),(893,296),(690,279)]
[(725,648),(939,687),(957,288),(751,272)]
[(769,608),(982,645),(993,245),(795,231)]
[(784,549),(990,582),(1003,189),(816,173)]
[(780,464),(986,495),(1003,102),(815,89)]
[(764,371),(974,401),(997,8),(799,3)]
[(745,304),(952,343),(1023,1023),(1023,1023)]
[(679,262),(877,303),(1023,1023),(1023,1023)]
[(596,298),(786,345),(1023,1023),(1023,1023)]
[(476,347),(663,396),(1023,1023),(1023,1023)]
[(354,406),(534,461),(629,97),(443,46)]
[(291,427),(471,483),(566,120),(381,64)]
[(216,450),(398,510),(504,151),(320,89)]
[(138,458),(320,520),(433,161),(248,96)]
[(18,471),(208,529),(317,166),(126,100)]
[(1023,1023),(141,520),(248,153),(52,88)]
[(1023,1023),(82,501),(181,128),(3,73)]
[(1023,1023),(30,472),(122,95),(1023,1023)]
[(1023,1023),(12,413),(76,30),(1023,1023)]
[(1023,1023),(8,357),(1023,1023),(1023,1023)]
[(1023,1023),(18,309),(1023,1023),(1023,1023)]
[(1023,1023),(72,251),(1023,1023),(1023,1023)]
[(1023,1023),(126,214),(1023,1023),(1023,1023)]
[(1023,1023),(220,155),(1023,1023),(1023,1023)]
[(123,81),(321,103),(1023,1023),(1023,1023)]
[(208,42),(403,64),(1023,1023),(1023,1023)]
[(279,28),(472,50),(1023,1023),(1023,1023)]
[(315,64),(506,88),(1023,1023),(1023,1023)]
[(309,119),(501,145),(1023,1023),(1023,1023)]
[(332,235),(521,267),(1023,1023),(1023,1023)]
[(324,297),(511,329),(1023,1023),(1023,1023)]
[(309,360),(494,393),(1023,1023),(1023,1023)]
[(291,467),(478,504),(533,135),(344,98)]
[(287,499),(473,538),(528,167),(340,132)]
[(282,539),(469,580),(529,208),(343,172)]
[(272,584),(460,628),(520,255),(334,217)]
[(256,627),(446,673),(514,296),(328,511)]
[(217,689),(407,740),(487,360),(302,313)]
[(200,731),(389,760),(474,400),(288,352)]
[(169,756),(1023,1023),(451,446),(267,391)]
[(1023,1023),(1023,1023),(431,476),(246,423)]
[(1023,1023),(1023,1023),(455,468),(270,415)]
[(1023,1023),(1023,1023),(484,427),(297,378)]
[(263,693),(1023,1023),(518,360),(330,321)]
[(344,610),(534,648),(580,277),(393,246)]
[(413,573),(602,606),(638,234),(449,207)]
[(455,569),(646,602),(678,226),(488,204)]
[(505,563),(698,592),(726,216),(534,198)]
[(526,535),(716,569),(753,193),(561,169)]
[(451,490),(639,521),(680,149),(489,121)]
[(363,453),(549,485),(583,112),(395,86)]
[(252,406),(437,439),(489,71),(299,39)]
[(158,368),(347,400),(399,27),(203,2)]
[(58,336),(252,371),(310,7),(1023,1023)]
[(1023,1023),(153,340),(1023,1023),(1023,1023)]
[(1023,1023),(90,331),(1023,1023),(1023,1023)]
[(1023,1023),(18,317),(1023,1023),(1023,1023)]
[(1023,1023),(1023,1023),(1023,1023),(1023,1023)]
[(1023,1023),(1023,1023),(1023,1023),(1023,1023)]
[(1023,1023),(1023,1023),(1023,1023),(1023,1023)]
[(1023,1023),(1023,1023),(1023,1023),(1023,1023)]
[(1023,1023),(1023,1023),(1023,1023),(1023,1023)]
[(118,347),(1023,1023),(1023,1023),(1023,1023)]
[(295,361),(101,338),(1023,1023),(1023,1023)]
[(388,375),(198,352),(1023,1023),(1023,1023)]
[(497,416),(311,389),(522,41),(1023,1023)]
[(592,427),(404,403),(616,55),(426,37)]
[(662,444),(475,419),(688,69),(495,55)]
[(746,475),(555,448),(774,95),(579,80)]
[(842,500),(643,472),(866,115),(665,103)]
[(930,516),(723,487),(950,123),(744,114)]
[(992,525),(791,497),(1001,132),(812,120)]
[(1023,1023),(844,496),(1023,1023),(868,116)]
[(1023,1023),(911,498),(1023,1023),(936,112)]
[(1023,1023),(949,488),(1023,1023),(976,99)]
[(1023,1023),(978,477),(1023,1023),(995,90)]
[(1023,1023),(968,459),(1023,1023),(991,69)]
[(1023,1023),(923,452),(1023,1023),(965,63)]
[(1023,1023),(830,467),(1023,1023),(876,86)]
[(864,527),(664,487),(915,139),(713,118)]
[(772,529),(579,491),(821,148),(625,126)]
[(668,520),(482,479),(717,147),(527,117)]
[(504,512),(319,474),(552,144),(367,110)]
[(375,499),(188,460),(440,134),(250,92)]
[(263,464),(68,425),(327,94),(128,48)]
[(187,438),(5,400),(247,64),(45,18)]
[(132,405),(1023,1023),(187,27),(1023,1023)]
[(47,343),(1023,1023),(1023,1023),(1023,1023)]
[(36,298),(1023,1023),(1023,1023),(1023,1023)]
[(124,191),(1023,1023),(1023,1023),(1023,1023)]
[(199,128),(1023,1023),(1023,1023),(1023,1023)]
[(257,79),(55,62),(1023,1023),(1023,1023)]
[(303,53),(103,36),(1023,1023),(1023,1023)]
[(374,55),(176,36),(1023,1023),(1023,1023)]
[(423,115),(230,95),(1023,1023),(1023,1023)]
[(459,157),(269,137),(1023,1023),(1023,1023)]
[(472,186),(280,166),(1023,1023),(1023,1023)]
[(503,227),(314,203),(1023,1023),(1023,1023)]
[(497,243),(308,220),(1023,1023),(1023,1023)]
[(485,277),(299,251),(1023,1023),(1023,1023)]
[(460,328),(275,299),(1023,1023),(1023,1023)]
[(453,368),(268,339),(1023,1023),(1023,1023)]
[(443,405),(258,372),(492,35),(1023,1023)]
[(431,448),(245,411),(486,80),(296,42)]
[(418,481),(234,442),(478,113),(288,73)]
[(410,514),(226,474),(476,148),(288,105)]
[(399,545),(214,501),(470,180),(281,136)]
[(395,563),(210,521),(465,198),(279,152)]
[(387,601),(201,555),(463,233),(278,186)]
[(380,642),(194,597),(455,273),(270,229)]
[(419,667),(231,621),(488,295),(303,252)]
[(481,688),(292,643),(542,312),(357,273)]
[(556,707),(367,663),(608,329),(423,295)]
[(624,723),(432,679),(674,342),(486,309)]
[(724,736),(527,694),(762,348),(568,320)]
[(799,723),(599,680),(830,332),(636,308)]
[(866,698),(660,656),(892,307),(692,285)]
[(929,640),(721,602),(953,245),(747,230)]
[(995,580),(801,540),(1013,183),(832,166)]
[(1023,1023),(862,460),(1023,1023),(893,80)]
[(1023,1023),(881,423),(1023,1023),(915,34)]
[(1023,1023),(884,348),(1023,1023),(1023,1023)]
[(1023,1023),(883,299),(1023,1023),(1023,1023)]
[(1023,1023),(845,237),(1023,1023),(1023,1023)]
[(1023,1023),(805,214),(1023,1023),(1023,1023)]
[(957,257),(753,219),(1023,1023),(1023,1023)]
[(865,305),(670,263),(1023,1023),(1023,1023)]
[(754,347),(565,302),(1023,1023),(1023,1023)]
[(665,388),(483,339),(1023,1023),(1023,1023)]
[(558,440),(379,385),(651,74),(466,23)]
[(495,465),(309,411),(580,103),(395,49)]
[(421,494),(243,435),(524,136),(340,77)]
[(285,532),(91,480),(376,171),(188,111)]
[(205,551),(14,499),(300,184),(108,126)]
[(124,556),(1023,1023),(222,184),(27,124)]
[(48,574),(1023,1023),(138,193),(1023,1023)]
[(3,566),(1023,1023),(65,183),(1023,1023)]
[(1023,1023),(1023,1023),(14,156),(1023,1023)]
[(1023,1023),(1023,1023),(7,141),(1023,1023)]
[(1023,1023),(1023,1023),(1023,1023),(1023,1023)]
[(1023,1023),(1023,1023),(1023,1023),(1023,1023)]
[(1023,1023),(1023,1023),(1023,1023),(1023,1023)]
[(1023,1023),(1023,1023),(1023,1023),(1023,1023)]
[(1023,1023),(1023,1023),(1023,1023),(1023,1023)]
[(1023,1023),(1023,1023),(1023,1023),(1023,1023)]
[(1023,1023),(1023,1023),(1023,1023),(1023,1023)]
[(1023,1023),(1023,1023),(1023,1023),(1023,1023)]
[(1023,1023),(1023,1023),(1023,1023),(1023,1023)]
[(99,127),(1023,1023),(1023,1023),(1023,1023)]
[(161,128),(1023,1023),(1023,1023),(1023,1023)]
[(216,145),(1023,1023),(1023,1023),(1023,1023)]
[(263,181),(65,167),(1023,1023),(1023,1023)]
[(295,229),(99,216),(1023,1023),(1023,1023)]
[(375,325),(182,306),(1023,1023),(1023,1023)]
[(387,364),(196,348),(1023,1023),(1023,1023)]
[(404,387),(213,370),(1023,1023),(1023,1023)]
[(457,430),(270,412),(478,62),(284,43)]
[(527,489),(337,471),(540,118),(348,103)]
[(604,502),(416,482),(619,129),(428,116)]
[(690,535),(499,515),(703,160),(511,150)]
[(732,547),(538,525),(743,168),(551,159)]
[(794,580),(595,555),(804,195),(608,184)]
[(828,588),(628,564),(837,203),(639,192)]
[(876,592),(670,565),(887,202),(686,192)]
[(944,595),(734,565),(960,197),(753,190)]
[(987,595),(779,563),(999,196),(806,183)]
[(1003,595),(809,566),(1014,199),(830,184)]
[(1023,1023),(840,553),(1023,1023),(863,170)]
[(1023,1023),(885,516),(1023,1023),(908,130)]
[(1023,1023),(919,488),(1023,1023),(943,97)]
[(1023,1023),(940,396),(1023,1023),(953,8)]
[(1023,1023),(973,311),(1023,1023),(1023,1023)]
[(1023,1023),(962,228),(1023,1023),(1023,1023)]
[(1023,1023),(899,182),(1023,1023),(1023,1023)]
[(1023,1023),(849,171),(1023,1023),(1023,1023)]
[(966,190),(756,162),(1023,1023),(1023,1023)]
[(889,197),(686,164),(1023,1023),(1023,1023)]
[(814,219),(617,183),(1023,1023),(1023,1023)]
[(747,267),(554,223),(1023,1023),(1023,1023)]
[(692,323),(504,277),(1023,1023),(1023,1023)]
[(645,365),(459,320),(1023,1023),(1023,1023)]
[(605,413),(421,363),(692,40),(1023,1023)]
[(548,443),(364,389),(639,71),(1023,1023)]
[(482,483),(300,427),(579,112),(390,57)]
[(424,509),(241,451),(526,143),(337,86)]
[(366,532),(172,476),(456,163),(267,104)]
[(290,554),(99,500),(387,182),(194,123)]
[(230,566),(34,517),(320,189),(116,134)]
[(190,567),(5,521),(273,188),(71,135)]
[(102,562),(1023,1023),(171,175),(1023,1023)]
[(61,545),(1023,1023),(114,152),(1023,1023)]
[(22,508),(1023,1023),(61,112),(1023,1023)]
[(1023,1023),(1023,1023),(1023,1023),(1023,1023)]
[(1023,1023),(1023,1023),(1023,1023),(1023,1023)]
[(1023,1023),(1023,1023),(1023,1023),(1023,1023)]
[(1023,1023),(1023,1023),(1023,1023),(1023,1023)]
[(1023,1023),(1023,1023),(1023,1023),(1023,1023)]
[(1023,1023),(1023,1023),(1023,1023),(1023,1023)]
[(1023,1023),(1023,1023),(1023,1023),(1023,1023)]
[(55,402),(1023,1023),(1023,1023),(1023,1023)]
[(235,414),(234,23),(1023,1023),(1023,1023)]
[(440,470),(439,88),(245,460),(240,78)]
[(550,477),(551,96),(357,467),(352,88)]
[(705,487),(714,102),(517,473),(515,97)]
[(882,504),(881,107),(675,487),(674,106)]
[(959,512),(956,107),(744,494),(743,111)]
[(998,529),(996,125),(795,511),(796,123)]
[(1023,1023),(1023,1023),(848,527),(846,135)]
[(1023,1023),(1023,1023),(880,538),(880,144)]
[(1023,1023),(1023,1023),(932,541),(935,143)]
[(1023,1023),(1023,1023),(965,539),(979,139)]
[(1023,1023),(1023,1023),(956,531),(975,131)]
[(1023,1023),(1023,1023),(920,525),(942,128)]
[(1023,1023),(1023,1023),(823,510),(846,119)]
[(959,556),(1023,1023),(746,523),(773,136)]
[(850,600),(887,202),(643,563),(682,183)]
[(687,660),(727,274),(480,624),(532,245)]
[(610,700),(663,313),(408,657),(471,279)]
[(544,715),(608,327),(350,670),(416,289)]
[(442,723),(512,336),(246,679),(320,295)]
[(384,711),(457,326),(188,667),(264,282)]
[(300,700),(375,313),(100,660),(179,270)]
[(240,700),(320,312),(40,657),(120,267)]
[(185,688),(266,297),(2,640),(64,250)]
[(152,689),(234,297),(1023,1023),(31,251)]
[(94,675),(179,281),(1023,1023),(1023,1023)]
[(22,674),(102,274),(1023,1023),(1023,1023)]
[(1023,1023),(26,257),(1023,1023),(1023,1023)]
[(1023,1023),(1023,1023),(1023,1023),(1023,1023)]
[(1023,1023),(1023,1023),(1023,1023),(1023,1023)]
[(1023,1023),(1023,1023),(1023,1023),(1023,1023)]
[(1023,1023),(1023,1023),(1023,1023),(1023,1023)]
[(1023,1023),(1023,1023),(1023,1023),(1023,1023)]
[(52,200),(1023,1023),(1023,1023),(1023,1023)]
[(158,197),(113,589),(1023,1023),(1023,1023)]
[(262,176),(223,562),(54,141),(1023,1023)]
[(350,168),(318,551),(148,138),(120,525)]
[(465,133),(440,511),(266,110),(247,490)]
[(581,94),(560,473),(383,73),(367,450)]
[(649,69),(632,451),(451,54),(449,427)]
[(748,34),(730,424),(544,24),(533,403)]
[(838,6),(819,393),(641,1),(627,366)]
[(1023,1023),(877,359),(1023,1023),(676,335)]
[(1023,1023),(923,336),(1023,1023),(712,316)]
[(1023,1023),(979,304),(1023,1023),(770,282)]
[(1023,1023),(1001,283),(1023,1023),(805,260)]
[(1023,1023),(1023,1023),(1023,1023),(844,236)]
[(1023,1023),(1023,1023),(1023,1023),(874,215)]
[(1023,1023),(1023,1023),(1023,1023),(906,199)]
[(1023,1023),(1023,1023),(1023,1023),(941,178)]
[(1023,1023),(1023,1023),(1023,1023),(976,161)]
[(1023,1023),(1023,1023),(1023,1023),(990,150)]
[(1023,1023),(1023,1023),(1023,1023),(992,152)]
[(1023,1023),(1023,1023),(1023,1023),(995,161)]
[(1023,1023),(1023,1023),(1023,1023),(976,184)]
[(1023,1023),(1023,1023),(1023,1023),(933,228)]
[(1023,1023),(1023,1023),(1023,1023),(864,285)]
[(927,422),(1023,1023),(1023,1023),(719,387)]
[(854,455),(898,56),(690,39),(652,423)]
[(798,500),(842,106),(640,87),(599,466)]
[(725,539),(770,151),(570,127),(529,504)]
[(665,583),(708,196),(513,170),(470,547)]
[(610,621),(662,238),(467,207),(416,583)]
[(558,667),(607,280),(413,248),(363,630)]
[(517,727),(573,336),(380,302),(322,686)]
[(490,756),(545,376),(352,342),(292,731)]
[(1023,1023),(531,416),(338,379),(280,758)]
[(1023,1023),(522,450),(329,415),(1023,1023)]
[(1023,1023),(510,479),(314,440),(1023,1023)]
[(1023,1023),(503,500),(309,461),(1023,1023)]
[(1023,1023),(495,519),(300,479),(1023,1023)]
[(1023,1023),(474,538),(277,498),(1023,1023)]
[(1023,1023),(469,548),(271,508),(1023,1023)]
[(1023,1023),(462,549),(265,509),(1023,1023)]
[(1023,1023),(463,541),(267,501),(1023,1023)]
[(1023,1023),(462,533),(266,495),(1023,1023)]
[(1023,1023),(475,497),(278,462),(1023,1023)]
[(1023,1023),(496,434),(300,400),(1023,1023)]
[(511,767),(507,368),(313,339),(1023,1023)]
[(287,664),(528,312),(333,281),(484,699)]
[(304,605),(538,255),(343,225),(498,635)]
[(315,543),(543,192),(348,167),(510,572)]
[(332,492),(560,143),(363,117),(524,521)]
[(345,426),(570,73),(372,48),(536,452)]
[(365,349),(591,5),(1023,1023),(553,378)]
[(383,284),(1023,1023),(1023,1023),(573,311)]
[(405,230),(1023,1023),(1023,1023),(594,258)]
[(420,190),(1023,1023),(1023,1023),(610,219)]
[(425,152),(1023,1023),(1023,1023),(617,179)]
[(437,123),(1023,1023),(1023,1023),(632,150)]
[(443,86),(1023,1023),(1023,1023),(639,114)]
[(451,63),(1023,1023),(1023,1023),(646,90)]
[(452,48),(1023,1023),(1023,1023),(649,76)]
[(454,47),(1023,1023),(1023,1023),(649,76)]
[(454,49),(1023,1023),(1023,1023),(649,81)]
[(456,54),(1023,1023),(1023,1023),(650,83)]
[(452,71),(1023,1023),(1023,1023),(648,104)]
[(436,112),(1023,1023),(1023,1023),(630,146)]
[(432,151),(1023,1023),(1023,1023),(624,187)]
[(413,199),(1023,1023),(1023,1023),(603,236)]
[(399,260),(1023,1023),(1023,1023),(585,305)]
[(385,299),(1023,1023),(1023,1023),(571,341)]
[(366,342),(1023,1023),(1023,1023),(552,384)]
[(360,377),(615,39),(1023,1023),(547,419)]
[(359,412),(615,79),(420,38),(546,456)]
[(369,444),(622,110),(428,71),(558,488)]
[(392,484),(647,151),(452,112),(582,529)]
[(404,504),(655,168),(463,131),(592,548)]
[(414,528),(667,193),(473,156),(603,576)]
[(411,546),(664,209),(471,174),(602,592)]
[(405,558),(658,223),(465,185),(595,603)]
[(396,558),(648,223),(456,186),(585,603)]
[(382,557),(633,222),(441,183),(573,601)]
[(372,556),(622,217),(429,183),(563,597)]
[(360,543),(608,204),(415,168),(551,582)]
[(342,531),(589,192),(394,159),(534,571)]
[(317,509),(557,167),(361,135),(509,544)]
[(322,483),(558,137),(363,108),(512,516)]
[(333,453),(566,108),(370,79),(523,485)]
[(326,415),(560,69),(364,39),(515,446)]
[(289,385),(529,39),(335,10),(480,418)]
[(228,355),(468,11),(1023,1023),(417,387)]
[(164,315),(1023,1023),(1023,1023),(357,350)]
[(91,292),(1023,1023),(1023,1023),(280,326)]
[(13,279),(1023,1023),(1023,1023),(208,311)]
[(1023,1023),(1023,1023),(1023,1023),(155,306)]
[(1023,1023),(1023,1023),(1023,1023),(110,303)]
[(1023,1023),(1023,1023),(1023,1023),(67,302)]
[(1023,1023),(1023,1023),(1023,1023),(35,300)]
[(1023,1023),(1023,1023),(1023,1023),(13,302)]
[(1023,1023),(1023,1023),(1023,1023),(1,304)]
[(1023,1023),(1023,1023),(1023,1023),(1023,1023)]
[(1023,1023),(1023,1023),(1023,1023),(1023,1023)]
[(1023,1023),(1023,1023),(1023,1023),(1023,1023)]
[(1023,1023),(1023,1023),(1023,1023),(1023,1023)]
[(1023,1023),(1023,1023),(1023,1023),(1023,1023)]
[(64,310),(1023,1023),(1023,1023),(1023,1023)]
[(136,319),(1023,1023),(1023,1023),(1023,1023)]
[(235,329),(33,305),(1023,1023),(1023,1023)]
[(308,337),(109,312),(1023,1023),(1023,1023)]
[(368,351),(173,327),(1023,1023),(1023,1023)]
[(432,361),(241,334),(1023,1023),(1023,1023)]
[(497,378),(306,353),(1023,1023),(1023,1023)]
[(559,397),(369,371),(1023,1023),(1023,1023)]
[(618,418),(429,391),(649,36),(1023,1023)]
[(691,437),(499,411),(719,50),(521,33)]
[(747,440),(551,412),(781,53),(578,36)]
[(806,442),(606,412),(841,49),(635,34)]
[(864,449),(660,419),(900,53),(692,39)]
[(931,460),(721,427),(965,58),(754,45)]
[(952,464),(741,434),(983,60),(773,48)]
[(971,471),(759,439),(993,67),(789,55)]
[(990,479),(783,449),(1004,77),(813,63)]
[(1002,485),(806,457),(1023,1023),(837,70)]
[(1007,483),(816,454),(1023,1023),(844,64)]
[(1008,465),(826,444),(1023,1023),(852,55)]
[(1023,1023),(816,427),(1023,1023),(843,38)]
[(1023,1023),(790,385),(1023,1023),(812,6)]
[(1023,1023),(775,339),(1023,1023),(1023,1023)]
[(1023,1023),(772,296),(1023,1023),(1023,1023)]
[(1023,1023),(772,259),(1023,1023),(1023,1023)]
[(1023,1023),(793,202),(1023,1023),(1023,1023)]
[(1023,1023),(816,139),(1023,1023),(1023,1023)]
[(1023,1023),(834,95),(1023,1023),(1023,1023)]
[(1023,1023),(860,48),(1023,1023),(1023,1023)]
[(1023,1023),(886,16),(1023,1023),(1023,1023)]
[(1023,1023),(899,16),(1023,1023),(1023,1023)]
[(1023,1023),(883,30),(1023,1023),(1023,1023)]
[(1023,1023),(858,62),(1023,1023),(1023,1023)]
[(1023,1023),(823,95),(1023,1023),(1023,1023)]
[(1023,1023),(777,137),(1023,1023),(1023,1023)]
[(926,199),(719,168),(1023,1023),(1023,1023)]
[(849,247),(649,210),(1023,1023),(1023,1023)]
[(770,283),(575,243),(1023,1023),(1023,1023)]
[(674,332),(485,287),(1023,1023),(1023,1023)]
[(595,364),(409,319),(1023,1023),(1023,1023)]
[(533,389),(348,344),(1023,1023),(1023,1023)]
[(482,409),(299,358),(568,35),(1023,1023)]
[(448,417),(264,366),(531,43),(1023,1023)]
[(416,429),(230,379),(500,57),(1023,1023)]
[(360,448),(172,397),(445,77),(1023,1023)]
[(314,460),(124,411),(398,87),(201,31)]
[(251,473),(58,422),(344,100),(144,40)]
[(156,490),(1023,1023),(249,111),(44,49)]
[(58,518),(1023,1023),(143,129),(1023,1023)]
[(2,508),(1023,1023),(64,118),(1023,1023)]
[(1023,1023),(1023,1023),(13,104),(1023,1023)]
[(1023,1023),(1023,1023),(1023,1023),(1023,1023)]
[(1023,1023),(1023,1023),(1023,1023),(1023,1023)]
[(1023,1023),(1023,1023),(1023,1023),(1023,1023)]
[(1023,1023),(1023,1023),(1023,1023),(1023,1023)]
[(1023,1023),(1023,1023),(1023,1023),(1023,1023)]
[(1023,1023),(1023,1023),(1023,1023),(1023,1023)]
[(1023,1023),(1023,1023),(1023,1023),(1023,1023)]
[(57,89),(1023,1023),(1023,1023),(1023,1023)]
[(106,63),(1023,1023),(1023,1023),(1023,1023)]
[(150,54),(1023,1023),(1023,1023),(1023,1023)]
[(201,52),(1023,1023),(1023,1023),(1023,1023)]
[(235,66),(27,44),(1023,1023),(1023,1023)]
[(288,118),(85,99),(1023,1023),(1023,1023)]
[(330,178),(131,157),(1023,1023),(1023,1023)]
[(389,251),(195,230),(1023,1023),(1023,1023)]
[(413,273),(220,251),(1023,1023),(1023,1023)]
[(463,323),(272,300),(1023,1023),(1023,1023)]
[(505,363),(315,342),(1023,1023),(1023,1023)]
[(535,406),(345,384),(560,24),(1023,1023)]
[(571,455),(382,435),(598,77),(401,57)]
[(598,492),(405,468),(621,110),(425,92)]
[(623,524),(431,499),(647,143),(452,124)]
[(665,565),(471,539),(688,181),(493,163)]
[(712,611),(515,582),(735,223),(539,206)]
[(741,644),(541,614),(764,252),(565,233)]
[(768,668),(567,636),(791,273),(592,255)]
[(806,692),(601,656),(830,293),(629,273)]
[(838,701),(630,664),(861,300),(660,281)]
[(891,718),(684,680),(917,312),(709,294)]
[(938,724),(723,685),(959,315),(747,295)]
[(974,719),(761,679),(990,307),(785,289)]
[(994,690),(788,655),(1004,281),(812,264)]
[(1023,1023),(830,623),(1023,1023),(856,232)]
[(1023,1023),(844,581),(1023,1023),(869,191)]
[(1023,1023),(858,535),(1023,1023),(885,145)]
[(1023,1023),(845,455),(1023,1023),(877,67)]
[(1023,1023),(829,392),(1023,1023),(864,7)]
[(1023,1023),(808,325),(1023,1023),(1023,1023)]
[(951,291),(742,259),(1023,1023),(1023,1023)]
[(863,263),(663,224),(1023,1023),(1023,1023)]
[(780,251),(585,207),(1023,1023),(1023,1023)]
[(731,268),(536,223),(1023,1023),(1023,1023)]
[(690,300),(501,251),(1023,1023),(1023,1023)]
[(646,342),(460,292),(1023,1023),(1023,1023)]
[(601,395),(419,341),(1023,1023),(1023,1023)]
[(559,443),(375,387),(650,68),(1023,1023)]
[(532,490),(348,435),(618,121),(428,71)]
[(520,531),(336,474),(613,160),(424,107)]
[(478,579),(293,522),(571,207),(382,153)]
[(428,617),(243,557),(528,245),(341,187)]
[(406,626),(219,567),(504,253),(316,198)]
[(382,627),(192,568),(479,254),(289,197)]
[(351,622),(162,567),(445,248),(255,193)]
[(299,586),(107,535),(389,214),(195,159)]
[(256,543),(61,498),(342,169),(138,112)]
[(200,497),(10,453),(279,121),(78,68)]
[(109,441),(1023,1023),(186,58),(1023,1023)]
[(24,398),(1023,1023),(97,11),(1023,1023)]
[(3,369),(1023,1023),(1023,1023),(1023,1023)]
[(1023,1023),(1023,1023),(1023,1023),(1023,1023)]
[(1023,1023),(1023,1023),(1023,1023),(1023,1023)]
[(1023,1023),(1023,1023),(1023,1023),(1023,1023)]
[(1023,1023),(1023,1023),(1023,1023),(1023,1023)]
[(1023,1023),(1023,1023),(1023,1023),(1023,1023)]
[(1023,1023),(1023,1023),(1023,1023),(1023,1023)]
[(1023,1023),(1023,1023),(1023,1023),(1023,1023)]
[(1023,1023),(1023,1023),(1023,1023),(1023,1023)]
[(46,312),(1023,1023),(1023,1023),(1023,1023)]
[(173,342),(1023,1023),(1023,1023),(1023,1023)]
[(252,356),(52,332),(1023,1023),(1023,1023)]
[(317,366),(120,343),(1023,1023),(1023,1023)]
[(371,381),(177,357),(1023,1023),(1023,1023)]
[(436,387),(244,364),(1023,1023),(1023,1023)]
[(497,402),(308,379),(1023,1023),(1023,1023)]
[(558,420),(367,396),(584,40),(1023,1023)]
[(608,433),(417,411),(630,49),(433,33)]
[(656,447),(464,425),(679,63),(480,48)]
[(705,455),(511,432),(727,70),(528,56)]
[(747,465),(550,443),(767,78),(566,67)]
[(827,480),(625,456),(844,87),(644,79)]
[(866,486),(660,460),(882,89),(678,80)]
[(932,489),(722,462),(953,89),(742,80)]
[(998,494),(799,466),(1013,96),(826,79)]
[(1023,1023),(847,473),(1023,1023),(876,81)]
[(1023,1023),(870,482),(1023,1023),(901,88)]
[(1023,1023),(880,479),(1023,1023),(910,87)]
[(1023,1023),(899,476),(1023,1023),(929,81)]
[(1023,1023),(922,461),(1023,1023),(952,66)]
[(1023,1023),(933,447),(1023,1023),(968,50)]
[(1023,1023),(923,437),(1023,1023),(963,40)]
[(1023,1023),(822,418),(1023,1023),(850,27)]
[(952,425),(734,393),(1023,1023),(771,11)]
[(860,404),(657,372),(1023,1023),(696,3)]
[(750,399),(557,367),(1023,1023),(596,3)]
[(682,394),(491,362),(1023,1023),(536,0)]
[(610,392),(421,356),(1023,1023),(475,0)]
[(514,376),(328,340),(1023,1023),(571,6)]
[(416,366),(229,328),(1023,1023),(481,3)]
[(324,363),(132,323),(1023,1023),(1023,1023)]
[(241,391),(44,351),(1023,1023),(1023,1023)]
[(196,422),(7,383),(258,37),(1023,1023)]
[(157,440),(1023,1023),(221,57),(1023,1023)]
[(122,456),(1023,1023),(193,71),(1023,1023)]
[(65,471),(1023,1023),(139,83),(1023,1023)]
[(25,475),(1023,1023),(96,84),(1023,1023)]
[(0,472),(1023,1023),(54,81),(1023,1023)]
[(1023,1023),(1023,1023),(34,83),(1023,1023)]
[(1023,1023),(1023,1023),(28,87),(1023,1023)]
[(1023,1023),(1023,1023),(34,87),(1023,1023)]
[(1023,1023),(1023,1023),(54,86),(1023,1023)]
[(1023,1023),(1023,1023),(86,79),(1023,1023)]
[(82,453),(1023,1023),(158,66),(1023,1023)]
[(159,431),(1023,1023),(222,48),(1023,1023)]
[(230,414),(32,376),(285,33),(1023,1023)]
[(307,395),(112,359),(358,17),(1023,1023)]
[(384,376),(193,341),(434,6),(1023,1023)]
[(441,370),(252,339),(484,3),(1023,1023)]
[(516,355),(328,329),(1023,1023),(1023,1023)]
[(595,343),(405,317),(1023,1023),(1023,1023)]
[(666,331),(475,308),(1023,1023),(1023,1023)]
[(750,318),(555,298),(1023,1023),(1023,1023)]
[(796,309),(598,291),(1023,1023),(1023,1023)]
[(848,310),(647,293),(1023,1023),(1023,1023)]
[(901,311),(694,298),(1023,1023),(1023,1023)]
[(935,317),(726,303),(1023,1023),(1023,1023)]
[(966,318),(753,307),(1023,1023),(1023,1023)]
[(986,328),(777,315),(1023,1023),(1023,1023)]
[(997,341),(798,330),(1023,1023),(1023,1023)]
[(1023,1023),(833,337),(1023,1023),(1023,1023)]
[(1023,1023),(870,325),(1023,1023),(1023,1023)]
[(1023,1023),(904,283),(1023,1023),(1023,1023)]
[(1023,1023),(927,228),(1023,1023),(1023,1023)]
[(1023,1023),(937,147),(1023,1023),(1023,1023)]
[(1023,1023),(917,52),(1023,1023),(1023,1023)]
[(1023,1023),(881,2),(1023,1023),(1023,1023)]
[(1023,1023),(1023,1023),(1023,1023),(1023,1023)]
[(1023,1023),(1023,1023),(1023,1023),(1023,1023)]
[(1023,1023),(1023,1023),(1023,1023),(1023,1023)]
[(779,31),(1023,1023),(1023,1023),(1023,1023)]
[(720,105),(524,73),(1023,1023),(1023,1023)]
[(630,203),(442,167),(1023,1023),(1023,1023)]
[(572,294),(387,252),(1023,1023),(1023,1023)]
[(543,359),(359,315),(1023,1023),(1023,1023)]
[(531,398),(346,355),(1023,1023),(1023,1023)]
[(504,475),(320,427),(582,104),(388,61)]
[(481,512),(296,460),(563,140),(374,91)]
[(459,553),(274,499),(544,182),(355,131)]
[(445,569),(259,516),(529,199),(342,147)]
[(416,609),(228,555),(505,239),(318,184)]
[(398,620),(211,567),(487,249),(299,197)]
[(377,613),(189,560),(469,243),(280,190)]
[(357,593),(167,544),(440,222),(248,170)]
[(342,548),(150,503),(417,177),(224,128)]
[(334,461),(143,419),(402,90),(206,44)]
[(255,373),(60,330),(329,6),(1023,1023)]
[(198,336),(10,296),(1023,1023),(1023,1023)]
[(118,306),(1023,1023),(1023,1023),(1023,1023)]
[(40,282),(1023,1023),(1023,1023),(1023,1023)]
[(9,274),(1023,1023),(1023,1023),(1023,1023)]
[(1023,1023),(1023,1023),(1023,1023),(1023,1023)]
[(1023,1023),(1023,1023),(1023,1023),(1023,1023)]
[(1023,1023),(1023,1023),(1023,1023),(1023,1023)]
[(1023,1023),(1023,1023),(1023,1023),(1023,1023)]
[(1023,1023),(1023,1023),(1023,1023),(1023,1023)]
[(1023,1023),(1023,1023),(1023,1023),(1023,1023)]
[(1023,1023),(1023,1023),(1023,1023),(1023,1023)]
[(1023,1023),(1023,1023),(1023,1023),(1023,1023)]
[(1023,1023),(1023,1023),(1023,1023),(1023,1023)]
[(1023,1023),(1023,1023),(1023,1023),(1023,1023)]
[(38,335),(1023,1023),(1023,1023),(1023,1023)]
[(141,364),(1023,1023),(1023,1023),(1023,1023)]
[(243,377),(43,356),(1023,1023),(1023,1023)]
[(350,388),(157,366),(1023,1023),(1023,1023)]
[(432,404),(243,386),(451,24),(1023,1023)]
[(504,410),(315,394),(515,30),(1023,1023)]
[(588,420),(397,404),(600,40),(402,28)]
[(651,425),(461,408),(663,42),(467,32)]
[(720,432),(534,415),(739,47),(539,39)]
[(812,443),(613,423),(824,52),(622,47)]
[(867,448),(665,427),(890,52),(682,48)]
[(953,460),(743,434),(972,58),(761,51)]
[(1009,476),(821,451),(1023,1023),(844,63)]
[(1023,1023),(863,463),(1023,1023),(890,73)]
[(1023,1023),(911,469),(1023,1023),(936,78)]
[(1023,1023),(956,470),(1023,1023),(983,73)]
[(1023,1023),(993,463),(1023,1023),(1003,69)]
[(1023,1023),(1023,1023),(1023,1023),(1023,1023)]
[(1023,1023),(1023,1023),(1023,1023),(1023,1023)]
[(1023,1023),(1023,1023),(1023,1023),(1023,1023)]
[(1023,1023),(1023,1023),(1023,1023),(1023,1023)]
[(1023,1023),(1023,1023),(1023,1023),(1023,1023)]
[(904,409),(1023,1023),(1023,1023),(1023,1023)]
[(839,396),(1023,1023),(1023,1023),(1023,1023)]
[(745,379),(955,404),(1023,1023),(1023,1023)]
[(652,356),(853,382),(1023,1023),(1023,1023)]
[(507,331),(697,353),(1023,1023),(1023,1023)]
[(334,298),(521,324),(1023,1023),(1023,1023)]
[(234,280),(423,308),(1023,1023),(1023,1023)]
[(109,274),(305,303),(1023,1023),(1023,1023)]
[(42,272),(243,296),(1023,1023),(1023,1023)]
[(1023,1023),(173,294),(1023,1023),(1023,1023)]
[(1023,1023),(114,289),(1023,1023),(1023,1023)]
[(1023,1023),(53,284),(1023,1023),(1023,1023)]
[(1023,1023),(13,291),(1023,1023),(1023,1023)]
[(1023,1023),(1023,1023),(1023,1023),(1023,1023)]
[(1023,1023),(1023,1023),(1023,1023),(1023,1023)]
[(1023,1023),(1023,1023),(1023,1023),(1023,1023)]
[(1023,1023),(1023,1023),(1023,1023),(1023,1023)]
[(1023,1023),(1023,1023),(1023,1023),(1023,1023)]
[(1023,1023),(1023,1023),(1023,1023),(1023,1023)]
[(1023,1023),(1023,1023),(1023,1023),(1023,1023)]
[(1023,1023),(1023,1023),(1023,1023),(1023,1023)]
[(1023,1023),(1023,1023),(1023,1023),(1023,1023)]
[(1023,1023),(1023,1023),(1023,1023),(1023,1023)]
[(1023,1023),(1023,1023),(1023,1023),(1023,1023)]
[(1023,1023),(1023,1023),(1023,1023),(1023,1023)]
[(1023,1023),(1023,1023),(1023,1023),(1023,1023)]
[(185,52),(1023,1023),(1023,1023),(1023,1023)]
[(505,150),(55,115),(1023,1023),(1023,1023)]
[(304,197),(108,161),(1023,1023),(1023,1023)]
[(367,257),(174,219),(1023,1023),(1023,1023)]
[(418,329),(230,298),(1023,1023),(1023,1023)]
[(465,388),(280,352),(1023,1023),(1023,1023)]
[(524,454),(337,417),(578,83),(391,47)]
[(602,534),(416,492),(662,157),(470,121)]
[(647,582),(456,538),(705,202),(512,167)]
[(681,627),(488,579),(740,242),(547,207)]
[(711,659),(517,610),(769,272),(575,238)]
[(747,691),(551,639),(804,300),(608,264)]
[(775,716),(576,663),(832,322),(633,287)]
[(802,732),(601,680),(857,337),(656,303)]
[(839,741),(634,688),(889,341),(686,310)]
[(883,717),(676,666),(931,317),(724,287)]
[(901,615),(693,573),(941,220),(734,199)]
[(888,551),(683,513),(928,158),(721,139)]
[(881,458),(677,422),(928,66),(719,48)]
[(872,371),(669,339),(1023,1023),(1023,1023)]
[(895,315),(691,283),(1023,1023),(1023,1023)]
[(882,227),(679,201),(1023,1023),(1023,1023)]
[(875,177),(672,151),(1023,1023),(1023,1023)]
[(805,153),(608,121),(1023,1023),(1023,1023)]
[(727,179),(535,143),(1023,1023),(1023,1023)]
[(633,242),(447,202),(1023,1023),(1023,1023)]
[(595,282),(412,237),(1023,1023),(1023,1023)]
[(532,339),(348,292),(1023,1023),(1023,1023)]
[(475,377),(293,331),(1023,1023),(1023,1023)]
[(416,420),(233,369),(504,50),(1023,1023)]
[(359,449),(168,397),(447,83),(255,25)]
[(315,464),(129,410),(411,96),(218,35)]
[(272,479),(84,420),(375,111),(184,47)]
[(210,487),(21,427),(320,119),(126,50)]
[(137,494),(1023,1023),(247,121),(48,52)]
[(64,498),(1023,1023),(172,120),(1023,1023)]
[(10,495),(1023,1023),(102,112),(1023,1023)]
[(1023,1023),(1023,1023),(48,89),(1023,1023)]
[(1023,1023),(1023,1023),(13,69),(1023,1023)]
[(1023,1023),(1023,1023),(1023,1023),(1023,1023)]
[(1023,1023),(1023,1023),(1023,1023),(1023,1023)]
[(1023,1023),(1023,1023),(1023,1023),(1023,1023)]
[(1023,1023),(1023,1023),(1023,1023),(1023,1023)]
[(1023,1023),(1023,1023),(1023,1023),(1023,1023)]
[(1023,1023),(1023,1023),(1023,1023),(1023,1023)]
[(59,256),(1023,1023),(1023,1023),(1023,1023)]
[(130,261),(1023,1023),(1023,1023),(1023,1023)]
[(207,286),(1023,1023),(1023,1023),(1023,1023)]
[(298,330),(100,308),(1023,1023),(1023,1023)]
[(389,380),(197,355),(1023,1023),(1023,1023)]
[(430,405),(240,381),(458,28),(1023,1023)]
[(467,421),(279,395),(505,46),(1023,1023)]
[(512,442),(325,412),(549,64),(355,39)]
[(536,468),(349,440),(573,92),(379,65)]
[(569,490),(382,459),(610,115),(418,87)]
[(578,502),(391,469),(621,127),(428,99)]
[(591,517),(400,481),(640,143),(448,111)]
[(593,525),(408,478),(665,154),(476,113)]
[(593,533),(410,477),(682,166),(495,115)]
[(577,516),(401,443),(704,159),(521,92)]
[(584,508),(416,420),(742,162),(564,80)]
[(575,499),(413,402),(753,162),(580,68)]
[(553,493),(394,391),(744,164),(574,64)]
[(538,492),(383,387),(735,167),(570,64)]
[(511,492),(358,386),(713,172),(550,65)]
[(494,494),(342,386),(695,174),(534,67)]
[(485,491),(334,379),(696,176),(534,64)]
[(467,481),(318,368),(679,169),(520,55)]
[(424,428),(277,315),(643,123),(487,10)]
[(370,371),(221,258),(588,63),(1023,1023)]
[(305,298),(149,182),(527,3),(1023,1023)]
[(207,199),(45,79),(1023,1023),(1023,1023)]
[(131,151),(1023,1023),(1023,1023),(1023,1023)]
[(76,106),(1023,1023),(1023,1023),(1023,1023)]
[(37,73),(1023,1023),(1023,1023),(1023,1023)]
[(9,63),(1023,1023),(1023,1023),(1023,1023)]
[(16,82),(1023,1023),(1023,1023),(1023,1023)]
[(36,103),(1023,1023),(1023,1023),(1023,1023)]
[(71,139),(1023,1023),(1023,1023),(1023,1023)]
[(113,175),(1023,1023),(1023,1023),(1023,1023)]
[(141,221),(1023,1023),(1023,1023),(1023,1023)]
[(166,255),(1023,1023),(1023,1023),(1023,1023)]
[(189,296),(1023,1023),(1023,1023),(1023,1023)]
[(222,343),(58,231),(1023,1023),(1023,1023)]
[(250,387),(83,285),(435,57),(1023,1023)]
[(272,414),(104,318),(445,78),(1023,1023)]
[(294,442),(117,363),(438,93),(1023,1023)]
[(290,474),(104,417),(391,109),(201,46)]
[(311,482),(121,440),(381,112),(186,63)]
[(336,491),(142,469),(367,115),(167,88)]
[(345,509),(150,507),(336,133),(135,124)]
[(368,512),(175,524),(335,136),(133,144)]
[(408,527),(216,556),(341,157),(144,180)]
[(457,539),(269,581),(360,176),(167,216)]
[(517,539),(330,591),(406,182),(217,233)]
[(562,532),(381,592),(428,182),(245,244)]
[(608,515),(426,584),(454,173),(272,243)]
[(655,467),(479,540),(490,131),(314,208)]
[(698,401),(522,475),(531,65),(354,146)]
[(741,367),(564,447),(564,33),(390,119)]
[(813,342),(636,425),(622,13),(453,102)]
[(863,327),(682,416),(663,6),(495,94)]
[(910,311),(731,405),(691,2),(532,88)]
[(958,293),(776,392),(1023,1023),(568,80)]
[(986,278),(808,382),(1023,1023),(596,71)]
[(1006,254),(846,359),(1023,1023),(623,55)]
[(1004,253),(842,357),(1023,1023),(622,51)]
[(996,266),(824,368),(1023,1023),(608,62)]
[(962,297),(777,398),(1023,1023),(575,82)]
[(915,337),(730,430),(1023,1023),(538,111)]
[(871,378),(688,463),(683,42),(508,138)]
[(797,427),(614,505),(624,88),(448,172)]
[(745,462),(564,536),(582,121),(405,201)]
[(664,502),(481,570),(514,157),(335,228)]
[(583,536),(392,602),(439,188),(255,252)]
[(521,555),(336,615),(393,201),(206,261)]
[(457,569),(267,621),(345,209),(155,259)]
[(392,577),(197,619),(304,208),(106,245)]
[(384,559),(188,585),(322,188),(124,210)]
